bits [ 2 1 0 0 0 0 0 0 0 0 0 0 0 0 0 0 0 0 0 0 0 0 0 0 0 0 0 0 0 0 0 ]
res1 0
bits [ 2 3 0 0 0 0 0 0 0 0 0 0 0 0 0 0 0 0 0 0 0 0 0 0 0 0 0 0 0 0 0 ]
i 1
pow(2, i) 2
cnt 1
res 2
bits [ 0 4 7 2 1 0 0 0 0 0 0 0 0 0 0 0 0 0 0 0 0 0 0 0 0 0 0 0 0 0 0 ]
res1 4
bits [ 0 4 7 2 1 0 0 0 0 0 0 0 0 0 0 0 0 0 0 0 0 0 0 0 0 0 0 0 0 0 0 ]
i 2
pow(2, i) 4
cnt 1
res 4
bits [ 0 0 0 0 0 0 0 0 0 0 0 0 0 0 0 0 0 0 0 0 0 0 0 0 0 0 0 0 0 0 0 ]
res1 0
bits [ 0 1 1 1 1 1 1 1 1 1 1 1 1 1 1 1 1 1 1 1 1 1 1 1 1 1 1 1 1 1 1 ]
i 1
pow(2, i) 2
i 2
pow(2, i) 4
i 3
pow(2, i) 8
i 4
pow(2, i) 16
i 5
pow(2, i) 32
i 6
pow(2, i) 64
i 7
pow(2, i) 128
i 8
pow(2, i) 256
i 9
pow(2, i) 512
i 10
pow(2, i) 1024
i 11
pow(2, i) 2048
i 12
pow(2, i) 4096
i 13
pow(2, i) 8192
i 14
pow(2, i) 16384
i 15
pow(2, i) 32768
i 16
pow(2, i) 65536
i 17
pow(2, i) 131072
i 18
pow(2, i) 262144
i 19
pow(2, i) 524288
i 20
pow(2, i) 1.04858e+006
i 21
pow(2, i) 2.09715e+006
i 22
pow(2, i) 4.1943e+006
i 23
pow(2, i) 8.38861e+006
i 24
pow(2, i) 1.67772e+007
i 25
pow(2, i) 3.35544e+007
i 26
pow(2, i) 6.71089e+007
i 27
pow(2, i) 1.34218e+008
i 28
pow(2, i) 2.68435e+008
i 29
pow(2, i) 5.36871e+008
i 30
pow(2, i) 1.07374e+009
cnt 30
res 2147483646
bits [ 4 2 0 0 0 0 0 0 0 0 0 0 0 0 0 0 0 0 0 0 0 0 0 0 0 0 0 0 0 0 0 ]
res1 1
bits [ 4 2 0 0 0 0 0 0 0 0 0 0 0 0 0 0 0 0 0 0 0 0 0 0 0 0 0 0 0 0 4 ]
i 0
pow(2, i) 1
i 30
pow(2, i) 1.07374e+009
cnt 2
res 1073741825
